2007_000027.jpg 174 101 349 351 14
2007_000032.jpg 104 78 375 183 0 133 88 197 123 0 195 180 213 229 14 26 189 44 238 14
2007_000033.jpg 9 107 499 263 0 421 200 482 226 0 325 188 411 223 0
2007_000039.jpg 156 89 344 279 19
2007_000042.jpg 263 32 500 295 18 1 36 235 299 18
2007_000061.jpg 274 11 437 279 3 184 214 281 252 3
2007_000063.jpg 123 115 379 275 11 75 1 428 375 8
2007_000068.jpg 27 45 266 375 2
2007_000121.jpg 251 28 475 267 19 22 28 251 273 19
2007_000123.jpg 1 26 358 340 18
2007_000129.jpg 70 202 255 500 1 251 242 334 500 1 1 144 67 436 1 1 1 66 363 14 74 1 272 462 14 252 19 334 487 14
2007_000170.jpg 87 100 109 165 4 41 114 73 181 4 324 148 352 206 4 426 157 443 195 4 3 91 43 206 14 4 28 461 372 14
2007_000175.jpg 25 34 419 271 16
2007_000187.jpg 1 95 240 336 19
2007_000241.jpg 356 183 500 280 3 60 109 142 213 3 246 134 348 217 3
2007_000243.jpg 181 127 274 193 0
2007_000250.jpg 1 170 474 375 10 97 124 150 297 4
2007_000256.jpg 8 96 491 232 0
2007_000272.jpg 25 71 304 500 14
2007_000323.jpg 277 3 500 375 14 12 3 305 375 14
2007_000332.jpg 54 50 285 262 12
2007_000333.jpg 1 39 367 270 18
2007_000346.jpg 124 107 230 343 4 137 78 497 375 14 89 202 129 247 14 72 209 111 259 14
2007_000363.jpg 59 15 220 239 2 161 122 500 333 2
2007_000364.jpg 54 25 454 315 13 318 37 489 161 13 369 1 458 130 14
2007_000392.jpg 100 96 355 324 12 198 58 286 197 14
2007_000423.jpg 51 80 122 266 14 367 92 461 315 14
2007_000452.jpg 50 121 295 338 17 474 140 500 284 8
2007_000464.jpg 71 252 216 314 9 58 202 241 295 9
2007_000480.jpg 293 162 419 375 14 114 165 228 373 14 5 172 116 373 14 2 68 486 325 0
2007_000491.jpg 2 2 459 334 9
2007_000504.jpg 341 102 500 406 9 36 34 79 123 14 2 44 36 120 14 29 42 41 64 14
2007_000515.jpg 1 199 40 293 1 1 85 29 279 14 64 164 151 210 6 147 167 186 200 6
2007_000528.jpg 124 68 319 310 7
2007_000529.jpg 290 143 500 250 3 422 237 461 255 6
2007_000549.jpg 1 49 341 499 7
2007_000559.jpg 36 250 79 354 4 160 26 371 241 19
2007_000572.jpg 1 178 235 331 1 8 134 226 297 1
2007_000584.jpg 31 74 369 346 1 344 207 500 374 17
2007_000629.jpg 34 84 500 184 18 87 100 107 124 14
2007_000636.jpg 79 96 392 300 18
2007_000645.jpg 135 46 500 374 2 124 146 365 375 2
2007_000648.jpg 394 199 404 223 14 424 199 436 220 14 434 196 444 220 14 443 195 452 220 14 29 113 353 266 5 328 86 474 192 0 2 213 28 235 6
2007_000661.jpg 119 177 331 278 17 65 90 170 197 15 133 159 179 197 8
2007_000663.jpg 12 2 417 467 5 7 39 63 94 6 362 24 422 53 6 376 36 422 81 6 373 68 422 108 6 376 98 422 210 6
2007_000664.jpg 51 2 325 375 14
2007_000676.jpg 59 94 472 270 16
2007_000713.jpg 80 168 254 312 3 184 160 472 269 3
2007_000720.jpg 217 118 305 263 11
2007_000727.jpg 89 323 273 436 5 272 369 323 388 6 2 380 89 435 6 333 356 358 438 14 319 357 341 424 14 354 363 375 414 14 49 367 90 389 6 113 138 160 164 6
2007_000733.jpg 48 25 273 383 14 103 201 448 435 13
2007_000738.jpg 1 124 496 235 0
2007_000762.jpg 1 189 500 375 10 29 152 118 375 4 382 61 500 261 14 342 142 393 202 14 143 127 266 223 14 199 140 220 187 14 4 22 124 252 14 3 249 174 328 14
2007_000768.jpg 369 103 475 283 5 33 46 369 330 5
2007_000783.jpg 201 57 325 259 14 112 100 441 409 12
2007_000793.jpg 289 100 316 183 14 241 111 270 180 14 218 107 236 178 14 402 67 467 259 14 65 110 84 161 14 96 107 114 159 14 100 78 190 282 14 273 103 295 182 14 151 160 310 280 1 2 80 51 135 5
2007_000799.jpg 95 23 500 441 12 230 225 500 441 14
2007_000804.jpg 94 243 153 304 8 32 352 126 491 8 191 265 332 470 17
2007_000807.jpg 34 31 200 500 14
2007_000822.jpg 98 165 230 346 13 231 168 353 323 13
2007_000830.jpg 124 182 352 370 10 150 221 259 375 8 252 201 348 347 8 250 175 318 248 8
2007_000836.jpg 69 99 224 297 14 93 162 226 442 12
2007_000837.jpg 261 65 365 159 3
2007_000847.jpg 1 279 208 500 10 61 111 296 500 14
2007_000862.jpg 305 131 318 151 14 304 142 354 160 3
2007_000876.jpg 117 31 376 329 7 261 14 398 132 7
2007_000904.jpg 237 167 338 263 9 17 113 165 238 14 1 213 305 375 12
2007_000925.jpg 29 101 216 343 16 309 105 460 333 16
2007_000999.jpg 233 317 289 405 4 2 16 280 500 14
2007_001027.jpg 203 174 254 273 8 329 174 348 223 8 256 189 306 292 8 263 218 351 329 8 401 270 500 375 17 58 156 94 218 1 1 244 43 340 19
2007_001073.jpg 55 178 149 248 9 135 176 174 241 9 227 153 282 236 9 276 159 350 255 9 327 152 425 240 9 421 161 500 227 9
2007_001149.jpg 148 138 403 302 17 75 85 146 153 19 1 7 142 375 15
2007_001154.jpg 1 233 174 375 17 134 230 171 274 15
2007_001175.jpg 119 153 367 329 14 157 169 256 230 14 360 114 449 187 19
2007_001185.jpg 197 199 289 323 7 78 78 289 375 14 204 223 500 375 10 452 131 500 253 4
2007_001225.jpg 100 212 303 414 11
2007_001239.jpg 108 60 320 160 11 228 138 381 375 11 118 94 286 307 11
2007_001284.jpg 135 123 235 375 14 238 115 376 304 14 276 117 426 360 14 301 114 500 375 14 1 114 126 375 14 419 90 448 139 14
2007_001288.jpg 68 76 426 209 0 357 272 497 317 0 196 272 316 314 0
2007_001289.jpg 157 98 355 188 2
2007_001299.jpg 39 26 229 412 9 211 240 319 408 9 318 221 408 435 9
2007_001311.jpg 465 104 490 166 1 432 118 465 186 1 334 128 380 220 1 177 188 304 319 1 12 161 181 319 1 463 67 495 154 14 431 75 468 171 14 333 79 387 201 14 187 106 291 293 14 27 61 163 280 14
2007_001321.jpg 1 98 456 333 6
2007_001340.jpg 326 284 500 375 11 213 48 406 266 8 150 140 252 375 14 92 111 331 374 14
2007_001377.jpg 273 163 318 250 0
2007_001397.jpg 128 121 214 263 11
2007_001408.jpg 114 245 178 448 4 56 107 230 387 14 20 68 50 167 4 210 1 333 108 14 84 87 333 366 14 119 1 184 130 15
2007_001416.jpg 208 78 401 192 16 19 71 183 195 16 1 106 121 249 16 1 185 324 328 16 330 26 472 106 16 27 13 252 134 16
2007_001420.jpg 192 109 340 270 12 281 80 364 268 14 436 148 500 306 15
2007_001423.jpg 124 56 382 333 14
2007_001430.jpg 1 269 250 374 10 100 154 235 286 14 211 146 303 352 14 245 154 398 374 14 56 174 100 220 15 316 1 418 66 19 344 83 428 214 15
2007_001439.jpg 4 324 375 500 10 195 282 273 336 8
2007_001457.jpg 136 121 350 264 17 432 212 500 375 8
2007_001458.jpg 106 121 392 299 17
2007_001487.jpg 242 117 277 151 3
2007_001526.jpg 3 18 114 298 14 109 51 214 297 14 212 35 316 297 14 289 33 387 297 14 381 15 500 297 14
2007_001558.jpg 1 56 286 329 14 283 15 500 328 14
2007_001568.jpg 3 42 400 372 0
2007_001583.jpg 312 45 412 282 14 70 16 232 375 14
2007_001585.jpg 197 115 328 358 14 6 180 425 341 17 58 158 72 191 4
2007_001586.jpg 28 54 429 329 12 211 40 331 237 14
2007_001587.jpg 204 249 274 325 1
2007_001594.jpg 270 153 334 208 16 231 153 269 209 16 179 149 206 210 16 151 142 180 210 16 206 150 239 212 16 335 93 400 218 14 253 177 302 238 11
2007_001595.jpg 268 162 442 296 5 40 158 275 288 5
2007_001602.jpg 252 2 351 365 4 112 3 225 203 4
2007_001609.jpg 3 120 374 500 10 179 75 263 124 8 333 117 375 220 8 29 111 72 182 8 4 169 34 265 8
2007_001627.jpg 104 7 280 475 14
2007_001630.jpg 26 14 54 114 14 190 27 268 214 14 74 95 200 358 14 155 196 343 500 14 333 32 373 255 14 85 231 200 428 1 149 358 340 500 1
2007_001667.jpg 251 115 298 217 14
2007_001677.jpg 110 269 500 375 10 52 230 140 375 8
2007_001678.jpg 373 102 500 228 19 252 109 349 200 19 107 192 256 333 14 119 62 157 110 14 111 82 145 113 8 164 60 195 84 19
2007_001686.jpg 112 168 206 500 14
2007_001698.jpg 61 93 447 209 3 39 138 358 233 3
2007_001704.jpg 118 1 405 317 19
2007_001709.jpg 367 132 426 287 14 1 1 202 333 14 1 45 412 333 13
2007_001717.jpg 1 111 58 169 19 371 160 476 404 14 227 99 365 404 14 146 207 263 366 8
2007_001724.jpg 35 15 219 302 12
2007_001733.jpg 1 270 82 329 16 236 275 294 326 16 180 275 235 365 16 132 261 167 287 16 104 252 116 269 16 56 254 82 275 16 23 263 42 274 16 8 254 25 271 16 30 256 45 269 16 203 256 215 267 16 165 260 183 281 16 217 259 231 266 16 255 264 270 278 16 270 266 287 276 16 361 264 376 276 16 338 262 351 272 16 324 262 342 274 16 312 260 323 274 16 297 259 312 274 16
2007_001761.jpg 27 87 500 273 0
2007_001763.jpg 281 119 500 375 7 1 24 330 366 11 1 48 500 375 17 83 1 195 16 19
2007_001764.jpg 467 105 500 150 9 278 103 349 147 9 221 106 282 148 9 134 103 223 148 9 98 97 144 133 9 2 112 11 140 9
2007_001774.jpg 14 86 500 286 7
2007_001825.jpg 1 39 403 300 7 1 3 500 372 11
2007_001834.jpg 46 39 456 304 10
2007_001857.jpg 1 11 500 374 6 397 1 479 127 14 328 1 413 122 14 226 1 327 117 14 168 3 236 104 14 86 1 145 45 14 132 32 173 67 14
2007_001872.jpg 153 22 355 342 16
2007_001884.jpg 189 217 201 245 5 200 216 311 251 5 309 213 416 245 5 130 112 435 211 0
2007_001901.jpg 192 261 247 390 8 292 255 312 415 8 233 258 308 400 8 238 266 312 413 10 4 284 173 497 17
2007_001917.jpg 191 167 266 210 9 416 181 482 217 9 341 173 420 220 9
2007_001955.jpg 247 183 296 239 12 212 178 248 226 12
2007_001960.jpg 108 138 264 332 12
2007_002024.jpg 337 124 500 273 5 104 88 343 301 5 1 109 71 297 5 174 160 207 199 14
2007_002046.jpg 277 143 454 423 12 1 67 269 433 12
2007_002055.jpg 15 248 151 368 11 64 146 229 375 14 2 220 275 374 17
2007_002079.jpg 210 37 327 374 14 313 79 433 372 14
2007_002088.jpg 1 30 470 332 9
2007_002094.jpg 72 1 335 331 2
2007_002099.jpg 1 92 500 331 0
2007_002105.jpg 169 96 407 276 13 237 99 358 240 14
2007_002107.jpg 408 243 449 257 0
2007_002119.jpg 369 135 443 202 19 155 65 256 332 14 85 36 164 368 14 30 2 143 375 14 6 117 31 153 14 2 138 44 271 14
2007_002120.jpg 228 35 347 90 2 64 24 496 334 14
2007_002132.jpg 184 155 306 249 19
2007_002142.jpg 178 86 316 333 14 292 71 409 333 14 5 130 62 218 14
2007_002198.jpg 118 106 426 177 0
2007_002212.jpg 42 72 459 247 2
2007_002216.jpg 360 110 500 313 5 65 104 396 319 5
2007_002227.jpg 419 64 500 135 19 33 20 450 330 1
2007_002234.jpg 110 150 415 250 3 1 83 136 166 3
2007_002260.jpg 107 61 447 287 13
2007_002262.jpg 93 36 467 333 14
2007_002266.jpg 231 251 458 346 0 5 118 499 258 0
2007_002268.jpg 65 256 242 354 11 288 186 378 249 7 6 188 493 375 17
2007_002273.jpg 116 51 190 181 12 121 14 186 118 14
2007_002281.jpg 1 30 387 213 6 189 54 214 96 14
2007_002284.jpg 18 1 106 88 15 1 40 25 84 15 120 19 216 116 15 176 48 234 125 15 169 121 240 243 15 110 278 250 493 15
2007_002293.jpg 2 47 264 500 14 87 131 287 500 14
2007_002344.jpg 3 44 333 500 14
2007_002361.jpg 21 199 148 486 15 294 296 375 500 14
2007_002368.jpg 41 224 75 277 17 284 316 333 500 17 34 269 112 387 8 183 274 272 391 8 135 263 256 403 10
2007_002370.jpg 454 190 465 210 14 461 189 474 209 14 395 189 432 208 6 355 174 391 213 6
2007_002376.jpg 1 32 458 224 0
2007_002378.jpg 184 10 384 305 14 1 2 196 296 15 242 99 500 367 15 305 12 500 372 15 360 30 500 358 15 117 37 170 164 15
2007_002387.jpg 246 170 342 244 9 220 153 250 252 14 194 128 214 166 14 160 130 188 167 14
2007_002400.jpg 2 27 305 499 2
2007_002403.jpg 316 114 334 160 14 373 182 407 226 2 283 30 394 174 3
2007_002412.jpg 274 181 305 220 2 210 199 247 240 2
2007_002426.jpg 95 34 493 285 14 38 2 248 116 17
2007_002427.jpg 161 143 261 228 17 1 60 137 240 17 253 181 320 240 15
2007_002445.jpg 13 89 349 490 7
2007_002462.jpg 54 75 500 158 18
2007_002470.jpg 23 86 417 462 7
2007_002488.jpg 110 75 281 443 14 11 226 375 500 13
2007_002539.jpg 1 1 500 333 5 198 105 307 333 14
2007_002545.jpg 75 43 206 496 14 181 62 211 132 4 3 27 248 394 17 242 77 375 280 17
2007_002565.jpg 1 19 460 348 18 258 175 334 336 14
2007_002597.jpg 88 173 422 375 7 51 21 388 248 11
2007_002611.jpg 1 1 397 351 14 152 131 337 298 11
2007_002618.jpg 17 20 483 343 16
2007_002619.jpg 26 15 345 476 0
2007_002624.jpg 109 142 281 375 14 254 150 360 256 14 217 245 500 375 10
2007_002639.jpg 345 158 402 284 14 240 141 307 301 14 185 156 242 301 14
2007_002643.jpg 1 51 89 152 6 407 57 453 174 14 180 102 281 207 14 181 133 302 282 13
2007_002648.jpg 104 157 302 372 16 239 148 350 225 16 38 100 255 267 16
2007_002668.jpg 86 312 499 374 10 320 102 500 319 14 426 105 462 134 14 95 83 309 319 14 89 169 112 190 14 19 124 97 187 15
2007_002669.jpg 292 137 372 174 9 116 191 245 287 9 442 241 478 294 14 163 184 273 269 9
2007_002719.jpg 53 100 468 238 3 158 130 188 168 14 183 108 206 136 14 144 107 167 132 14 87 126 122 150 14
2007_002728.jpg 264 170 376 236 18 333 1 500 332 14 1 1 223 334 14
2007_002760.jpg 256 28 500 277 7 1 7 273 294 7
2007_002789.jpg 376 128 427 222 14 50 130 174 219 9 195 170 205 187 9 220 172 241 189 9 478 196 500 206 9 461 194 479 208 9 454 191 479 198 9 415 188 429 198 9 375 188 397 198 9 459 174 485 184 6 376 175 402 182 6 314 173 337 184 6 239 173 259 182 6
2007_002823.jpg 93 227 448 375 13 213 149 327 344 14
2007_002824.jpg 1 13 500 431 14
2007_002845.jpg 284 196 326 216 16 14 265 175 347 16 140 199 186 235 16 220 210 248 229 16 254 204 279 227 16 230 201 256 220 16
2007_002852.jpg 38 57 298 157 11 68 147 458 237 11 22 202 387 361 11
2007_002895.jpg 388 194 419 339 14 415 192 447 338 14
2007_002896.jpg 124 71 253 500 2
2007_002903.jpg 16 19 480 376 9
2007_002914.jpg 2 266 397 375 10 287 13 500 374 14
2007_002953.jpg 25 102 93 325 4 94 104 166 337 4 165 103 247 347 4 216 52 416 304 19 89 61 162 141 19
2007_002954.jpg 118 22 200 292 14 351 166 461 375 14
2007_002967.jpg 167 1 255 255 15 7 153 153 266 15 142 333 237 436 15
2007_003000.jpg 193 114 278 164 0
2007_003011.jpg 1 303 238 375 10 1 269 67 316 8 92 291 249 375 8 198 192 385 258 17 274 218 478 374 17 392 194 419 217 8 35 141 142 243 19 211 150 250 190 19
2007_003020.jpg 405 205 444 245 15 415 270 450 325 15 72 122 172 375 14 171 117 281 375 14 256 142 337 352 14 330 130 405 342 14
2007_003022.jpg 153 80 416 286 12 241 51 299 181 14
2007_003051.jpg 30 82 283 207 6
2007_003088.jpg 107 269 154 366 4 69 65 330 375 14 209 91 286 211 14
2007_003091.jpg 35 168 270 495 14 43 2 333 458 14
2007_003101.jpg 292 1 500 253 5 197 59 263 209 5 1 2 211 295 5 257 170 289 188 6
2007_003104.jpg 64 71 161 368 14
2007_003106.jpg 208 238 404 324 7 185 15 401 374 14
2007_003110.jpg 213 127 275 266 11 121 107 188 234 11
2007_003118.jpg 207 21 286 108 2 361 153 461 220 2 298 174 373 248 2 125 73 391 333 14 362 206 472 333 14
2007_003131.jpg 340 214 410 330 3
2007_003134.jpg 64 86 184 317 14 160 72 300 284 14 270 1 483 366 14
2007_003137.jpg 1 45 406 310 5
2007_003143.jpg 33 72 482 254 6
2007_003169.jpg 54 113 474 332 7 2 64 249 211 17
2007_003178.jpg 72 138 411 269 18
2007_003188.jpg 54 125 320 375 1 257 4 435 375 14
2007_003189.jpg 175 170 271 334 12 163 54 289 284 14 177 328 268 477 15 143 285 214 348 15 90 269 139 359 15
2007_003190.jpg 100 30 269 179 16 2 47 115 220 16 7 47 107 265 16 123 93 282 458 16
2007_003191.jpg 3 1 351 333 14
2007_003194.jpg 1 16 374 299 11
2007_003195.jpg 167 149 321 276 5 327 227 474 269 6
2007_003201.jpg 1 53 166 260 9 137 25 416 298 9 320 30 500 261 9
2007_003205.jpg 28 76 306 376 14 11 168 322 447 8
2007_003207.jpg 124 6 162 102 4 94 36 132 91 4 71 57 108 166 4 100 58 150 188 4 13 71 61 184 4 152 115 203 237 4 216 102 261 222 4 259 134 307 260 4 308 126 356 251 4 350 139 408 264 4
2007_003226.jpg 71 43 286 485 14
2007_003251.jpg 120 159 392 340 10 278 226 446 375 8 258 158 353 283 8 109 174 218 330 8 135 148 202 233 8
2007_003267.jpg 2 69 500 333 2
2007_003286.jpg 66 61 448 301 18
2007_003329.jpg 11 15 284 495 14
2007_003330.jpg 268 96 375 247 2 166 70 238 146 2
2007_003349.jpg 88 55 327 289 2
2007_003367.jpg 1 174 38 253 14 3 200 22 316 14 15 213 111 302 13 354 167 389 267 15 387 130 418 170 15 422 128 447 171 15 447 142 473 174 15 476 142 496 173 15
2007_003373.jpg 232 160 441 329 11 176 1 330 196 14
2007_003431.jpg 11 15 373 500 14 1 250 29 385 4 59 226 129 468 4
2007_003451.jpg 235 154 408 225 17 212 167 260 246 8 390 202 466 277 19 7 217 25 260 4
2007_003499.jpg 107 26 496 324 18
2007_003503.jpg 456 191 500 237 6 1 187 106 244 6 102 76 378 272 5 1 200 35 321 14 16 183 58 281 14
2007_003506.jpg 63 42 261 287 15
2007_003525.jpg 160 1 448 375 7
2007_003529.jpg 1 227 371 333 10 94 45 334 305 14
2007_003530.jpg 2 191 363 375 17 6 117 376 375 14
2007_003541.jpg 195 18 335 500 14 34 72 222 500 14 271 350 375 500 8
2007_003565.jpg 280 218 500 317 2
2007_003571.jpg 259 206 500 333 3
2007_003580.jpg 1 6 352 500 14
2007_003581.jpg 2 24 265 375 14 305 30 498 375 14 274 1 321 69 14
2007_003587.jpg 72 40 496 267 18 1 171 58 191 6
2007_003593.jpg 316 135 463 265 16 62 119 314 303 16
2007_003604.jpg 62 103 500 375 11 145 1 430 142 19
2007_003611.jpg 217 271 237 307 14 215 281 235 326 12
2007_003621.jpg 199 153 328 271 1 249 72 334 224 14 441 62 492 120 5 295 62 382 109 5
2007_003659.jpg 168 128 228 240 14
2007_003668.jpg 27 157 376 333 10
2007_003682.jpg 344 144 406 198 2 34 151 167 245 2
2007_003711.jpg 132 278 166 329 6 162 86 469 344 5 269 129 294 156 14 228 128 248 154 14 200 127 225 154 14 340 173 352 209 14 352 177 367 210 14 366 177 380 212 14
2007_003714.jpg 177 169 298 289 16
2007_003715.jpg 44 62 476 355 5
2007_003742.jpg 2 198 240 320 10 2 24 181 236 14
2007_003745.jpg 71 37 251 465 14
2007_003747.jpg 40 10 270 316 14
2007_003778.jpg 38 67 443 466 7 55 75 221 256 15 380 94 496 270 15 432 54 500 289 15
2007_003786.jpg 171 165 287 273 5
2007_003788.jpg 164 123 320 266 7 1 1 500 281 8
2007_003815.jpg 188 108 433 213 6 231 1 259 54 14 186 1 219 54 14 242 11 274 95 14 288 125 333 149 14
2007_003831.jpg 48 18 249 359 14 182 82 321 332 14
2007_003841.jpg 2 9 408 445 9
2007_003848.jpg 11 21 482 161 18
2007_003861.jpg 115 52 287 294 3 368 248 428 272 3
2007_003872.jpg 205 170 309 245 11
2007_003876.jpg 93 98 174 144 0
2007_003889.jpg 345 75 427 295 12 157 79 282 294 12 52 105 138 297 12 337 32 439 193 14 122 35 239 188 14 1 58 102 308 14 51 48 123 196 14 431 119 472 166 8
2007_003910.jpg 29 187 362 242 3 161 122 274 220 14
2007_003917.jpg 121 1 500 216 6
2007_003957.jpg 15 73 413 253 18
2007_003991.jpg 79 53 500 264 7
2007_004000.jpg 192 40 331 464 14 61 23 198 494 14
2007_004003.jpg 45 50 472 315 13
2007_004009.jpg 153 106 274 255 0
2007_004033.jpg 70 7 120 138 14 120 36 217 168 13 183 2 326 196 13 189 1 447 280 13
2007_004049.jpg 2 2 331 499 14 79 4 469 499 14
2007_004052.jpg 47 108 398 213 0
2007_004065.jpg 26 85 426 298 5 452 188 475 245 14 5 193 26 241 14 341 167 367 201 14
2007_004081.jpg 174 96 348 209 9 284 103 500 375 15
2007_004092.jpg 73 102 430 374 14
2007_004112.jpg 43 134 228 345 11 71 22 500 375 14
2007_004121.jpg 19 154 108 263 15 220 92 347 242 14 164 142 227 219 14
2007_004133.jpg 97 18 224 334 14
2007_004143.jpg 146 68 441 351 2
2007_004166.jpg 243 129 304 181 19 485 189 500 222 8 358 195 398 239 8 300 205 355 254 8 265 278 374 332 8 1 199 99 332 17 234 204 500 332 10 210 194 257 234 11
2007_004189.jpg 171 57 344 280 11
2007_004190.jpg 1 115 201 326 19
2007_004193.jpg 144 187 246 287 19 277 70 289 111 4 290 68 305 107 4 216 289 380 375 8
2007_004197.jpg 246 21 485 334 14
2007_004238.jpg 10 105 112 357 14 228 112 341 357 14 314 24 483 357 14
2007_004241.jpg 129 81 369 325 3
2007_004265.jpg 253 139 402 276 14
2007_004275.jpg 93 171 375 500 13 127 45 255 248 14 307 132 340 196 15 340 132 371 199 15 322 32 372 98 15
2007_004281.jpg 270 1 500 375 18 447 260 500 375 14
2007_004289.jpg 218 70 294 153 19 5 128 138 375 14 104 82 283 313 14 181 64 424 373 14
2007_004291.jpg 273 320 350 500 4 3 1 374 500 14
2007_004328.jpg 44 117 147 265 14
2007_004380.jpg 8 74 333 500 13 5 26 324 445 14 40 104 273 322 14
2007_004392.jpg 328 224 440 359 8 334 273 482 375 8 451 71 500 208 15 470 210 500 364 15 180 110 334 375 14 179 117 255 375 14
2007_004397.jpg 2 1 335 440 14
2007_004405.jpg 6 239 300 496 10 128 181 301 480 8 198 162 333 400 8 1 309 155 500 8
2007_004423.jpg 53 107 260 311 16 241 86 445 286 16 213 173 291 325 16
2007_004454.jpg 213 95 311 375 14
2007_004459.jpg 99 202 118 251 14 47 202 64 244 14 58 206 78 250 14 2 12 500 267 0 157 200 174 241 14 169 196 181 241 14
2007_004468.jpg 6 5 157 498 4
2007_004476.jpg 3 110 224 346 14 217 114 359 375 14 328 71 500 375 14 328 75 352 170 4 371 81 404 177 4 21 219 58 336 4
2007_004481.jpg 42 167 465 376 6 150 81 250 243 14 268 115 358 239 14
2007_004483.jpg 1 89 441 318 18
2007_004500.jpg 60 105 253 241 9 2 128 151 270 9
2007_004510.jpg 123 50 244 153 19 101 199 255 375 8 422 84 500 359 8
2007_004517.jpg 2 98 355 500 14
2007_004537.jpg 181 122 402 318 12 1 191 132 370 9 1 100 197 221 9 266 95 348 157 9 262 71 429 170 9 433 79 493 218 9 202 33 270 263 14
2007_004538.jpg 215 35 308 224 14 41 77 403 367 12
2007_004558.jpg 127 63 185 121 15 129 169 183 235 15 129 283 180 352 15 114 348 247 470 15
2007_004627.jpg 193 202 421 272 18 417 227 500 284 18
2007_004644.jpg 1 26 186 260 11
2007_004649.jpg 36 126 393 237 18 381 134 431 225 18 425 131 486 199 18
2007_004663.jpg 1 168 407 260 18
2007_004705.jpg 394 181 455 226 5 1 206 104 270 6
2007_004707.jpg 236 354 330 468 15 58 316 77 355 14
2007_004712.jpg 101 106 380 375 14 1 169 139 375 10 15 156 43 214 4 2 146 32 209 4 47 48 73 108 4 335 150 370 241 8 344 119 380 233 8 205 135 262 255 8 164 114 229 224 8 406 62 500 269 15
2007_004713.jpg 60 3 500 375 14
2007_004722.jpg 71 76 167 286 12 257 104 367 359 14 330 110 436 373 14
2007_004768.jpg 24 28 499 368 16
2007_004769.jpg 200 178 500 375 1 68 52 171 365 14 401 241 439 289 14 354 237 413 313 14 188 167 203 190 14
2007_004770.jpg 83 2 335 500 14
2007_004795.jpg 226 122 301 292 14
2007_004810.jpg 8 238 186 340 6 180 226 254 290 6 242 217 286 262 6 263 202 312 245 6 358 212 385 283 14 413 219 448 305 14 389 209 420 287 14
2007_004830.jpg 104 110 418 212 6 231 123 274 148 14
2007_004831.jpg 111 29 361 318 14
2007_004841.jpg 107 200 171 243 0 350 108 375 125 0
2007_004856.jpg 28 1 335 496 7
2007_004866.jpg 111 97 237 192 7 61 107 376 375 7
2007_004902.jpg 1 141 192 374 12 79 124 265 364 12 217 118 389 375 14 195 68 500 375 14
2007_004948.jpg 210 237 294 347 15 127 213 203 336 15 163 123 220 217 15 227 130 284 221 15
2007_004951.jpg 51 142 500 262 18 17 162 82 253 18
2007_004969.jpg 201 160 298 237 16
2007_004988.jpg 2 14 500 306 0
2007_004998.jpg 146 22 432 180 7
2007_005019.jpg 135 1 441 340 14 5 128 150 340 14
2007_005043.jpg 309 200 426 227 0
2007_005058.jpg 131 266 177 304 16 86 285 127 315 16
2007_005064.jpg 246 163 352 292 1 251 108 332 259 14
2007_005074.jpg 36 152 387 297 3 343 194 426 240 6 396 201 469 233 6 323 194 351 222 6 87 191 144 209 6 22 189 83 222 6 62 200 118 226 6 419 260 472 297 2
2007_005086.jpg 158 184 257 262 8 39 145 144 375 14 269 42 498 372 14 99 259 347 375 10
2007_005107.jpg 54 195 273 337 1 271 138 288 192 14
2007_005114.jpg 311 54 404 189 14 325 103 388 242 12 451 132 500 219 9 56 136 132 257 9
2007_005124.jpg 179 68 500 324 9 3 33 271 324 14
2007_005130.jpg 115 131 324 433 2
2007_005144.jpg 1 12 331 500 14
2007_005149.jpg 205 1 341 165 11 164 132 500 333 11
2007_005173.jpg 13 67 227 255 13 285 64 492 264 13 230 45 458 256 14 17 32 192 247 14 406 7 460 144 14 131 23 195 128 14 261 13 312 67 14 282 1 344 69 14 87 18 138 66 14 1 3 36 105 14 459 28 500 141 14 349 1 395 76 14 391 1 419 54 14 174 1 215 80 14 135 1 175 33 14 109 1 142 53 14 63 1 107 60 14
2007_005206.jpg 214 146 256 298 14
2007_005210.jpg 74 55 205 188 19
2007_005212.jpg 355 203 432 267 13 432 213 466 291 8 431 239 500 333 17
2007_005227.jpg 66 8 346 304 14
2007_005248.jpg 440 181 459 234 14 1 163 129 374 12
2007_005262.jpg 372 205 500 298 6 14 159 53 185 6 80 114 342 241 5
2007_005264.jpg 207 93 457 500 2 19 47 293 500 2
2007_005266.jpg 47 195 344 375 17 175 162 257 243 8 296 158 383 248 8 427 28 456 65 15 456 39 476 64 15
2007_005273.jpg 108 55 285 156 6 235 84 418 153 6 336 12 415 160 14 397 50 439 154 14 1 112 305 357 1
2007_005281.jpg 121 244 177 336 1 132 181 190 322 14 59 199 89 318 14 17 179 68 352 14 97 228 110 253 14
2007_005294.jpg 135 2 483 375 4
2007_005296.jpg 170 262 500 374 6 1 258 114 348 6 323 216 362 298 14
2007_005304.jpg 264 75 391 282 4 1 2 472 400 14
2007_005310.jpg 29 170 414 333 14 100 33 259 301 14
2007_005314.jpg 6 11 499 358 13
2007_005331.jpg 71 142 291 448 12 101 84 245 304 14 84 87 161 140 6 34 92 82 138 6 1 91 40 140 6
2007_005354.jpg 230 114 330 221 13 5 98 222 375 13 361 115 437 265 14 1 89 38 184 14
2007_005358.jpg 231 131 278 155 0 15 357 46 367 3
2007_005360.jpg 72 97 431 242 18 1 137 71 226 18
2007_005368.jpg 27 346 254 500 1 9 18 323 500 14
2007_005405.jpg 71 151 276 401 14
2007_005425.jpg 93 94 181 422 14 160 54 259 443 14
2007_005428.jpg 1 1 217 362 4
2007_005430.jpg 192 181 219 215 4 110 127 295 266 1 213 30 356 284 14
2007_005450.jpg 7 123 342 500 14
2007_005460.jpg 40 4 484 370 7
2007_005469.jpg 43 101 500 333 16
2007_005509.jpg 11 65 463 200 0 484 153 497 192 14 472 153 480 189 14 458 150 472 190 14 443 152 457 192 14 429 153 444 200 14 408 150 426 204 14 421 168 432 207 14 394 150 404 186 14 364 157 376 197 14 309 155 328 198 14 295 155 309 202 14 181 157 194 191 14 162 157 171 189 14 155 158 163 189 14 199 160 213 174 6 111 162 129 175 6 43 162 62 175 6 91 161 112 177 6 79 161 93 173 6 132 161 146 175 6
2007_005527.jpg 24 42 363 500 14
2007_005547.jpg 171 175 320 368 9 48 150 447 347 6 439 148 471 269 14
2007_005600.jpg 132 161 368 225 0 255 136 319 165 0 100 195 114 226 14 88 195 102 224 14
2007_005608.jpg 1 226 303 462 13 31 146 199 441 14 97 181 241 321 14
2007_005626.jpg 1 65 55 290 18 15 35 500 306 18
2007_005647.jpg 314 141 380 214 17 405 131 500 199 17 213 218 315 364 8 72 223 164 346 8 41 190 97 306 8 153 181 255 326 8 22 189 309 344 10
2007_005657.jpg 1 14 490 331 14
2007_005688.jpg 170 44 459 251 7 72 123 387 334 7
2007_005689.jpg 1 17 480 372 18
2007_005691.jpg 3 1 218 500 14
2007_005695.jpg 71 129 331 499 14 171 196 330 486 14
2007_005696.jpg 4 101 325 436 11
2007_005702.jpg 38 227 292 500 1 76 63 327 465 14
2007_005705.jpg 62 16 246 408 3
2007_005748.jpg 336 1 463 201 14 128 66 414 375 14
2007_005759.jpg 348 180 461 245 13 217 180 305 239 13 130 183 206 232 13 51 184 113 234 13 160 153 184 192 14 187 155 213 214 14 129 157 150 196 14
2007_005764.jpg 1 17 109 461 14
2007_005790.jpg 91 247 500 333 10 267 34 500 281 14
2007_005797.jpg 1 107 270 365 9 320 125 493 340 14 93 3 163 143 14
2007_005803.jpg 67 156 433 273 10
2007_005813.jpg 147 164 288 354 15 105 240 207 351 15 94 195 140 352 15
2007_005828.jpg 86 62 443 210 0
2007_005844.jpg 76 67 216 312 8 102 52 278 350 8 199 84 320 292 8 232 76 396 329 8 157 110 390 361 10
2007_005845.jpg 1 207 270 349 7 236 2 500 349 14
2007_005857.jpg 183 133 277 302 15 86 134 175 306 15
2007_005859.jpg 2 3 298 375 14
2007_005878.jpg 100 92 323 222 13
2007_005896.jpg 15 98 275 500 14
2007_005902.jpg 47 141 149 245 19 216 149 347 254 19 344 131 482 277 19
2007_005911.jpg 2 50 500 314 5
2007_005915.jpg 266 137 355 214 16 202 73 327 213 16
2007_005951.jpg 185 62 498 301 13 329 36 468 272 14
2007_005969.jpg 41 59 353 375 14
2007_005971.jpg 8 109 341 333 14
2007_005972.jpg 92 40 308 455 14
2007_005978.jpg 1 117 210 240 5
2007_005988.jpg 332 186 413 225 11 97 167 165 222 11 37 66 95 232 14 346 48 455 252 14 446 68 500 142 6 1 90 23 141 6
2007_005989.jpg 140 130 408 273 13 213 96 355 260 14
2007_006004.jpg 94 164 301 424 8 57 146 184 468 14 130 169 266 500 14 1 173 101 500 14
2007_006028.jpg 19 80 93 144 1 282 81 331 289 14 177 200 215 249 14
2007_006035.jpg 270 244 344 275 6 349 249 425 273 6 438 249 500 274 6 151 251 225 274 6 86 247 150 272 6 19 249 80 271 6
2007_006046.jpg 189 104 243 206 3 261 126 306 204 3 481 183 500 211 3
2007_006066.jpg 343 235 500 333 17 47 266 204 332 8 150 120 339 264 19
2007_006076.jpg 110 255 209 337 2 20 118 256 499 14
2007_006086.jpg 109 75 168 264 4 294 128 479 272 8 3 239 497 474 10
2007_006117.jpg 2 60 312 500 14
2007_006134.jpg 125 99 442 318 12
2007_006136.jpg 54 183 166 262 16
2007_006151.jpg 106 173 321 377 12 53 170 140 363 14 215 171 262 340 14 276 174 334 332 14 1 192 207 337 6
2007_006163.jpg 79 89 305 500 14
2007_006171.jpg 54 37 231 174 14 1 48 295 221 17 251 103 500 181 17 2 166 412 315 11
2007_006212.jpg 7 151 475 339 0
2007_006232.jpg 86 145 482 282 0
2007_006240.jpg 1 14 350 467 14
2007_006241.jpg 387 164 489 372 8 1 162 52 341 8 183 103 210 183 4 49 135 440 375 10 96 299 334 375 8 286 99 398 133 8 104 111 195 169 8
2007_006254.jpg 61 102 366 207 18
2007_006260.jpg 100 56 500 233 7
2007_006277.jpg 65 70 447 322 6
2007_006281.jpg 1 206 172 337 3 157 169 500 334 3
2007_006282.jpg 119 98 312 334 14
2007_006303.jpg 181 136 302 320 7 354 3 500 371 15
2007_006317.jpg 1 2 500 301 5 239 209 478 375 1 249 67 396 368 14
2007_006348.jpg 12 75 80 205 19 216 107 500 374 8
2007_006364.jpg 39 143 500 344 12 256 24 381 344 14 386 173 428 214 14
2007_006373.jpg 235 371 374 500 17 15 281 56 471 14
2007_006400.jpg 433 80 500 256 18 189 101 440 235 18 40 125 199 203 18
2007_006409.jpg 304 98 500 375 14 1 128 114 264 14 167 178 193 241 4 8 227 376 375 10
2007_006442.jpg 2 29 195 500 14 130 181 347 500 14
2007_006444.jpg 134 146 271 364 11 411 3 500 229 14
2007_006445.jpg 65 156 401 459 12 174 101 299 272 14
2007_006449.jpg 2 15 500 367 1
2007_006477.jpg 7 267 72 401 8 306 265 375 430 8 170 353 242 425 8 124 207 247 468 14 146 221 260 454 14
2007_006483.jpg 100 32 379 377 14 307 146 348 221 4 316 191 338 254 4 281 151 305 217 4
2007_006490.jpg 80 309 109 332 2 143 165 169 248 14 210 9 269 67 3 172 27 226 65 3 128 25 185 67 3
2007_006530.jpg 40 176 192 282 8 216 180 500 330 17 244 262 500 375 8 47 167 77 208 8 3 168 41 251 8 59 159 85 175 8
2007_006549.jpg 176 20 247 68 3
2007_006553.jpg 160 219 351 486 8
2007_006559.jpg 59 98 278 479 14
2007_006560.jpg 1 28 246 375 14 223 31 500 375 14
2007_006581.jpg 94 323 246 479 1 162 299 293 477 1 78 209 102 231 6 135 210 154 233 6 108 213 130 228 6
2007_006585.jpg 168 41 325 234 14 143 101 331 258 13
2007_006587.jpg 213 31 288 198 14
2007_006605.jpg 223 175 277 199 8 158 186 235 311 8 331 177 387 291 8 340 199 412 313 8 246 222 360 375 8 142 214 256 361 8 86 181 134 218 15 49 96 96 243 15
2007_006614.jpg 175 276 320 500 14
2007_006615.jpg 1 49 345 375 14
2007_006641.jpg 1 2 408 375 7
2007_006647.jpg 179 66 272 290 14 172 38 317 349 14 276 2 426 252 14 1 32 498 365 13
2007_006660.jpg 47 273 295 378 6 1 200 164 262 3 276 1 500 292 3
2007_006661.jpg 75 147 134 220 1 191 147 213 188 1 77 96 132 210 14 144 111 175 188 14 182 123 215 186 14 146 145 171 186 1 259 139 270 171 14 244 139 259 170 14 213 135 227 154 14 290 147 302 167 14 276 144 288 167 14 300 146 311 170 14
2007_006673.jpg 394 42 445 234 3 353 81 390 207 3 309 52 372 246 3 294 110 324 196 3 242 70 275 212 3 230 117 245 189 3 214 112 239 201 3 187 114 210 195 3 171 107 206 223 3 137 105 171 213 3 43 224 71 234 3 4 231 29 244 3
2007_006678.jpg 133 96 459 365 16
2007_006680.jpg 33 11 459 359 18
2007_006698.jpg 245 1 495 375 14 70 128 387 375 14
2007_006699.jpg 4 269 375 500 10 38 3 375 274 14
2007_006704.jpg 34 1 341 213 19
2007_006744.jpg 146 124 369 375 14 90 1 500 374 14
2007_006761.jpg 131 193 348 322 9
2007_006786.jpg 82 1 324 358 14 296 24 451 328 14
2007_006788.jpg 74 104 239 375 14
2007_006802.jpg 131 2 499 349 18 344 99 366 119 14 209 89 258 231 14
2007_006803.jpg 68 167 311 356 18 305 323 333 412 14 321 316 342 410 14
2007_006808.jpg 33 11 266 375 14
2007_006809.jpg 128 96 341 374 14
2007_006832.jpg 91 1 500 333 16
2007_006837.jpg 205 208 254 237 16 99 210 120 232 16 25 195 63 238 16
2007_006841.jpg 1 155 79 271 9 102 152 181 244 9 74 136 196 271 9 196 147 376 307 9 312 149 483 268 9 386 106 436 284 14 489 118 500 216 14
2007_006856.jpg 52 118 278 432 14
2007_006864.jpg 336 1 500 325 14 237 6 380 283 14 11 1 238 268 14 194 1 228 113 14
2007_006865.jpg 29 16 312 287 2
2007_006866.jpg 221 44 331 218 14 43 56 407 374 12 94 130 129 177 14
2007_006899.jpg 19 334 135 452 16 135 305 234 423 16 388 277 445 424 16
2007_006900.jpg 479 89 500 180 6 279 104 337 139 6 1 117 150 203 6 1 151 61 310 6 86 120 490 337 6 327 82 465 185 6
2007_006901.jpg 111 56 217 277 14 266 77 396 283 14
2007_006944.jpg 6 156 215 293 16 218 121 348 291 16 334 128 494 313 16 143 113 180 154 12 104 113 138 146 12 476 123 500 217 16
2007_006946.jpg 7 2 489 308 0
2007_006981.jpg 183 94 253 273 14
2007_007003.jpg 188 216 327 287 5 1 242 83 337 6 38 256 235 375 6 196 256 313 363 6 396 276 500 368 6
2007_007007.jpg 112 203 291 374 14 1 2 298 281 14 242 188 500 374 10 385 117 498 199 10 198 79 217 129 4
2007_007016.jpg 166 82 244 348 14 246 82 333 198 14 360 61 430 290 14
2007_007020.jpg 54 176 129 430 14
2007_007021.jpg 99 18 209 127 8 271 34 397 154 8 280 52 305 166 4 304 55 338 168 4 3 109 480 369 10
2007_007031.jpg 1 86 140 489 14 262 122 370 465 14
2007_007048.jpg 227 55 500 324 16 82 56 245 257 16 76 42 129 151 4 431 1 484 62 14 311 1 427 71 14 114 1 240 59 14 1 1 132 329 14
2007_007080.jpg 104 2 377 323 14
2007_007083.jpg 40 120 253 412 14
2007_007084.jpg 157 109 389 315 2
2007_007098.jpg 17 65 201 351 7 167 162 499 465 7
2007_007103.jpg 154 274 248 382 14
2007_007109.jpg 150 2 500 332 12 1 72 211 332 14
2007_007119.jpg 43 1 375 492 14
2007_007130.jpg 106 96 192 188 19 221 80 295 157 19 355 109 475 171 15
2007_007151.jpg 183 51 326 375 14
2007_007154.jpg 68 29 260 500 14
2007_007161.jpg 5 57 332 500 14
2007_007165.jpg 173 329 375 500 16 162 341 269 441 16
2007_007168.jpg 48 102 372 424 18
2007_007195.jpg 351 26 500 333 14 85 109 412 178 18
2007_007196.jpg 338 55 500 240 19 171 57 340 235 19 2 56 170 247 19
2007_007203.jpg 162 47 253 163 19 47 1 162 188 19 308 132 429 299 14 417 194 500 333 8
2007_007211.jpg 153 173 394 371 13
2007_007230.jpg 265 124 362 294 16 132 78 241 221 16
2007_007235.jpg 135 108 370 284 1 171 27 326 249 14
2007_007250.jpg 281 227 311 330 4 122 19 327 176 19
2007_007277.jpg 6 111 315 500 14
2007_007318.jpg 21 23 46 93 14
2007_007330.jpg 124 14 487 330 14
2007_007336.jpg 46 189 149 472 14 226 203 325 478 14
2007_007341.jpg 458 319 500 375 14 296 332 352 375 14 65 70 448 239 0
2007_007355.jpg 2 157 374 500 13 43 6 266 282 14 4 205 37 308 14
2007_007387.jpg 19 25 484 245 18
2007_007398.jpg 1 1 499 265 5 344 64 434 280 14
2007_007414.jpg 453 50 491 110 14 187 107 386 196 6
2007_007415.jpg 143 252 156 281 14 32 103 479 287 3 99 250 107 269 14 92 250 100 271 14 80 246 92 270 14
2007_007417.jpg 40 67 306 208 11 304 105 451 211 7 1 2 499 269 17
2007_007420.jpg 161 92 387 333 14
2007_007432.jpg 418 153 498 220 19 19 279 175 375 8 14 238 117 315 8
2007_007438.jpg 71 41 264 475 14
2007_007447.jpg 482 162 500 241 14 135 163 196 238 14 210 179 269 276 14 284 175 331 246 14 125 201 207 266 1 208 220 280 294 1 282 209 336 268 1 122 146 196 181 6
2007_007470.jpg 143 32 371 277 0
2007_007477.jpg 259 30 421 154 3
2007_007480.jpg 95 11 468 303 5 82 93 139 269 14
2007_007481.jpg 61 53 362 317 2
2007_007493.jpg 235 146 489 375 14 35 4 373 375 14 361 269 500 375 8 1 191 22 291 4
2007_007498.jpg 1 3 309 376 10 124 2 500 376 14
2007_007523.jpg 248 51 498 142 2
2007_007524.jpg 52 47 333 472 7
2007_007530.jpg 39 65 163 203 19 183 61 326 167 7 1 313 136 500 8
2007_007531.jpg 117 92 169 182 14 238 43 291 137 14 383 18 490 198 14
2007_007534.jpg 203 155 426 375 16 1 32 294 375 16
2007_007582.jpg 57 47 333 454 14
2007_007585.jpg 131 14 466 364 11 178 322 258 482 11
2007_007591.jpg 25 89 311 419 5 1 142 50 465 6
2007_007595.jpg 117 37 370 333 14
2007_007606.jpg 119 41 415 375 14
2007_007618.jpg 33 51 202 500 14
2007_007621.jpg 301 102 411 202 16 175 113 285 209 16
2007_007624.jpg 424 170 500 370 15 359 206 421 278 15 294 193 357 283 15 275 258 309 310 15 274 138 415 246 15 2 236 43 375 15 45 260 128 375 15 155 220 222 352 15 151 40 293 308 15
2007_007649.jpg 175 2 500 375 14 2 24 179 375 14 3 198 26 280 4
2007_007651.jpg 76 111 261 262 14 2 257 355 500 10
2007_007688.jpg 4 37 500 373 13
2007_007698.jpg 185 142 327 210 0
2007_007726.jpg 22 18 324 454 18 7 273 22 305 14 333 292 345 374 14 301 354 332 391 14
2007_007748.jpg 76 164 332 373 12 165 111 243 284 14
2007_007763.jpg 366 71 497 375 14 256 69 377 285 14 139 103 207 253 14 162 79 272 266 14 49 178 163 375 14 110 196 244 375 14 203 216 393 375 14
2007_007769.jpg 188 112 259 406 14 72 37 225 478 14
2007_007772.jpg 149 87 321 270 9
2007_007773.jpg 153 277 211 311 5
2007_007783.jpg 1 2 489 375 13 466 92 500 226 14 470 206 496 279 4 295 1 353 103 14 211 1 297 115 14
2007_007795.jpg 7 108 153 374 14 107 118 207 305 14 163 122 224 307 14 295 151 359 269 14 334 152 408 279 14 404 154 485 322 14 258 242 304 310 15 229 167 284 234 8 264 146 285 177 15 237 98 275 174 15
2007_007810.jpg 3 132 373 498 10 80 1 337 127 14
2007_007815.jpg 31 45 401 286 6 238 44 309 126 14 135 55 210 130 14
2007_007818.jpg 327 110 374 171 5 1 140 40 166 6 43 135 93 166 6 92 136 135 165 6 143 134 184 165 6 186 139 216 163 6 217 147 231 160 6 297 146 310 159 6 312 148 319 156 6 1 184 60 244 6
2007_007836.jpg 2 186 227 338 1 328 192 500 332 1 355 117 500 313 14 2 124 144 330 14 228 31 263 121 14 273 40 295 116 14
2007_007849.jpg 217 81 242 101 19 247 86 269 109 19 194 81 216 107 19 100 235 134 281 19 362 89 428 169 14 379 166 429 280 14 414 138 454 275 14 436 110 473 239 14
2007_007871.jpg 8 76 212 375 14 92 100 334 375 14 250 62 500 375 14
2007_007877.jpg 3 4 282 373 14 194 103 428 375 14
2007_007878.jpg 66 67 294 373 7 114 140 375 346 14
2007_007881.jpg 14 33 500 283 18
2007_007890.jpg 242 123 350 220 15 289 196 355 282 15
2007_007891.jpg 22 24 318 365 14
2007_007892.jpg 174 94 302 479 14
2007_007902.jpg 320 49 486 154 13 1 57 232 316 13 367 1 458 110 14 1 48 189 213 14
2007_007908.jpg 191 2 500 333 5
2007_007910.jpg 316 18 465 375 14
2007_007917.jpg 21 109 228 372 14 290 100 499 375 14 186 61 362 373 14
2007_007930.jpg 205 274 422 354 11
2007_007940.jpg 90 16 383 375 14
2007_007947.jpg 2 157 327 212 18
2007_007948.jpg 77 122 485 255 6 236 140 285 175 14
2007_007955.jpg 82 121 402 365 14
2007_007996.jpg 189 99 237 222 14 118 187 199 267 14 92 244 195 333 14 198 220 357 333 14 397 61 500 270 14 2 203 82 316 8 1 158 31 207 8 189 113 351 240 17 349 196 431 287 8 419 91 437 108 19
2007_008013.jpg 132 79 287 372 14
2007_008043.jpg 14 107 221 215 15 14 9 284 288 14
2007_008051.jpg 131 110 358 375 2
2007_008072.jpg 81 191 329 322 10 293 106 348 175 14 385 109 450 182 14 272 127 397 318 14 135 102 203 198 14 189 92 257 185 14 68 99 154 212 14 3 97 148 325 14 273 233 439 325 8 370 182 433 250 8
2007_008084.jpg 111 212 233 365 2
2007_008085.jpg 54 173 100 219 2
2007_008106.jpg 168 189 266 355 8 280 222 367 385 8 288 232 306 259 15 2 418 98 500 8
2007_008110.jpg 90 210 211 288 7 46 125 265 384 8 65 139 241 460 14 306 114 375 257 8 294 118 355 250 8
2007_008140.jpg 388 80 485 237 15 429 1 450 38 15 103 1 137 43 15
2007_008142.jpg 189 73 253 229 14 149 119 325 286 12
2007_008157.jpg 397 107 498 327 14 353 68 451 296 14 261 87 403 330 14
2007_008203.jpg 331 148 426 247 17 38 188 304 360 17
2007_008204.jpg 199 247 242 367 4 314 114 499 329 19 143 145 266 336 14
2007_008211.jpg 78 182 282 500 14
2007_008218.jpg 194 90 495 375 14 124 334 164 375 14 100 273 139 361 14
2007_008219.jpg 302 54 322 70 14 96 98 208 160 14 1 1 112 62 3
2007_008222.jpg 49 98 276 422 11
2007_008256.jpg 176 52 278 224 14 34 73 358 417 12
2007_008260.jpg 94 71 457 255 11 3 2 499 374 17
2007_008307.jpg 161 54 264 196 14 78 85 412 313 12
2007_008321.jpg 2 28 326 500 14
2007_008339.jpg 73 150 350 239 18
2007_008374.jpg 258 223 320 294 19 323 216 403 288 19 185 181 271 375 14 292 202 369 373 14
2007_008396.jpg 10 79 355 286 14 205 2 500 344 14
2007_008403.jpg 229 17 499 385 7
2007_008407.jpg 73 175 203 281 19 349 158 397 218 19 350 255 489 375 8 349 210 436 317 8 146 131 350 375 14 418 153 434 205 19 470 194 500 251 8
2007_008415.jpg 267 139 379 310 11 36 104 206 217 11
2007_008430.jpg 81 12 464 333 14
2007_008446.jpg 96 43 281 334 14 112 205 287 465 14
2007_008468.jpg 51 122 172 197 17 217 155 314 227 8 243 128 293 169 8 224 109 242 139 8 209 105 228 133 8 150 86 183 149 15
2007_008526.jpg 133 250 274 424 12 255 246 316 385 12 57 218 86 258 14 82 203 101 242 14 100 176 156 280 14
2007_008543.jpg 358 195 472 302 8 2 213 131 372 17 232 299 461 375 17
2007_008547.jpg 330 170 443 298 15 240 63 377 295 15 150 46 255 300 15 25 155 108 249 15
2007_008559.jpg 103 66 333 500 14 1 140 82 471 14
2007_008567.jpg 122 5 295 500 14
2007_008571.jpg 53 1 288 177 3
2007_008575.jpg 19 2 333 500 7
2007_008596.jpg 142 128 239 426 12 120 72 266 290 14
2007_008645.jpg 210 153 300 308 3
2007_008647.jpg 1 2 465 375 14
2007_008664.jpg 67 72 307 498 14
